;Country;Population;MortalityRate;InfectionRate;Cluster
0;Afghanistan;38041757.0;3.9965472593871385;2.2230965830521443;1
1;Albania;2854191.0;1.8836516381512987;34.66509424211624;0
2;Algeria;43053054.0;2.911186641052165;2.9392316744823725;1
3;Andorra;77146.0;1.2118342365093562;147.82619967334665;2
4;Angola;31825299.0;2.3883957464668297;0.8010639585821331;1
5;Antigua and Barbuda;97115.0;2.977761025254429;8.195438397775833;1
6;Argentina;44938712.0;2.27379742294239;61.927827393005835;0
7;Armenia;2957728.0;1.8671138520846156;66.79505350052473;0
8;Australia;25365745.0;2.8666586144954502;1.534072821436942;1
9;Austria;8879920.0;1.6922272226469581;55.030856133839045;0
10;Azerbaijan;10024283.0;1.3926327858041503;25.74615062244352;1
11;Bahamas;389486.0;2.0759562628896067;26.392732986551508;1
12;Bahrain;1641164.0;0.4145204162219313;108.86437918453001;2
13;Bangladesh;163046173.0;1.5066243261943162;4.674183306344761;1
14;Barbados;287021.0;1.297251520517361;9.050905682859442;1
15;Belarus;9417849.0;0.746907653697011;34.151407609104794;0
16;Belgium;11488980.0;3.1150286214391087;75.69386490358588;2
17;Belize;390351.0;2.4481487103024024;28.692894343808522;1
18;Benin;11801151.0;1.358135844104317;0.5552932930016742;1
19;Bhutan;763094.0;0.059676044330775786;1.5371631804207608;1
20;Bolivia;11513102.0;4.483210244259807;27.09100466581465;1
21;Bosnia and Herzegovina;3300998.0;4.102588222559693;47.01817450358952;0
22;Botswana;2303703.0;1.3436487540297404;16.198398838739195;1
23;Brazil;211049519.0;2.754958887489414;63.491212221147016;0
24;Brunei;433296.0;1.5328223925358213;0.692598131531332;1
25;Bulgaria;6975761.0;4.0180820337823056;42.0593824817106;0
26;Burkina Faso;20321383.0;1.4902799808181784;0.5336054145527398;1
27;Burma;54045422.0;2.193924168016498;2.4422383083621773;1
28;Burundi;11530577.0;0.16286644951140064;0.26092362940727076;1
29;Cabo Verde;549936.0;0.9249781844767813;38.55084955340258;0
30;Cambodia;16486542.0;1.075587768735733;0.9406338818655847;1
31;Cameroon;25876387.0;1.712353731389912;2.226609147559897;1
32;Canada;37593384.0;2.5462892024342527;26.560944872640356;1
33;Central African Republic;4745179.0;1.2984640279789637;1.6148811246108945;1
34;Chad;15946882.0;4.310386183737108;0.261430416303325;1
35;Chile;18952035.0;2.3335393785147827;61.11860810725603;0
36;China;1397715000.0;4.888143759667795;0.12081118110630565;1
37;Colombia;50339443.0;2.640493464759161;54.71785216217033;0
38;Comoros;850891.0;3.4880940179700044;3.440041086343609;1
39;Congo (Brazzaville);5380504.0;1.5166312942546438;1.9791082768454404;1
40;Congo (Kinshasa);86790568.0;2.568689087345951;0.35041134884610964;1
41;Costa Rica;5047561.0;1.2810147071719284;49.25147016549181;0
42;Cote d'Ivoire;25716554.0;0.6221105433582271;1.6620267241093032;1
43;Croatia;4065253.0;2.1353819791252673;63.56507208776428;0
44;Cuba;11333484.0;0.7302572362499408;7.450136251129838;1
45;Cyprus;1198574.0;0.5404235474722592;37.39168378423026;0
46;Czechia;10671870.0;1.7236348449253382;113.39316352241921;2
47;Denmark;5814422.0;1.0877244579817256;37.074931953683446;0
49;Djibouti;973557.0;1.153268984938029;11.088616280299972;1
50;Dominica;71808.0;0.0;2.119540998217469;1
51;Dominican Republic;10738957.0;1.3884598826535588;25.112317704596453;1
52;Ecuador;17373657.0;5.586161984994977;20.876733090793724;1
53;Egypt;100388076.0;5.671737099698755;2.352404881233106;1
54;El Salvador;6453550.0;2.9784199893486383;10.56167535697407;1
55;Equatorial Guinea;1355982.0;1.5099599279865266;6.349273072946396;1
57;Estonia;1326898.0;0.9725452638299813;59.490028623149634;0
58;Eswatini;1148133.0;3.2836099198209956;14.01318488363282;1
59;Ethiopia;112078727.0;1.514933147360184;1.8448478630561176;1
60;Fiji;889955.0;0.6449991623387502;1.341416139018265;1
61;Finland;5521606.0;1.3735722506706405;12.226533367284809;1
62;France;67248926.0;2.3796001801601707;64.32710018298285;0
63;Gabon;2172578.0;0.6289339127268074;9.352989858131675;1
64;Gambia;2347696.0;3.081835341436308;2.414580081918613;1
65;Georgia;3720161.0;1.309288584801541;70.2661793400877;0
66;Germany;83092962.0;2.504123216753507;32.26990030756155;0
67;Ghana;30417858.0;0.7348099113794929;3.0552973190945925;1
68;Greece;10721582.0;3.0593836032468507;23.647443073233035;1
69;Grenada;112002.0;0.4871259568545581;1.2830128033427974;1
70;Guatemala;16604026.0;3.3800807489585627;13.331266766265001;1
71;Guinea;12771246.0;0.6389109472490073;1.7255559872544934;1
72;Guinea-Bissau;1920917.0;1.6560814859197124;2.1721396603809535;1
73;Guyana;782775.0;2.4093020894158266;15.09590878604963;1
74;Haiti;11263079.0;2.235872843229347;1.4366941757222869;1
76;Honduras;9746115.0;2.631006321220052;20.74752863063898;1
77;Hungary;9771141.0;3.482909514492342;54.36677251919709;0
78;Iceland;360563.0;0.45462564631481805;20.436650460529783;1
79;India;1366417756.0;1.341748999413589;13.384541528162051;1
80;Indonesia;270625567.0;2.8352350742462415;5.270634684711811;1
81;Iran;82913893.0;3.441340393543921;25.662683574633263;1
82;Iraq;39309789.0;1.740527565545038;24.317970773132362;1
83;Ireland;4934340.0;2.303819053517592;42.57102266969848;0
84;Israel;9054000.0;0.7667024451869638;79.41831234813343;2
85;Italy;59729081.0;3.710663033802114;53.2958107960844;0
86;Jamaica;2948277.0;1.953635073332282;10.753738539492728;1
87;Japan;126264931.0;1.7896129805565164;3.9380372369585346;1
88;Jordan;10101697.0;1.2531666809909103;48.376228271348864;0
89;Kazakhstan;18513673.0;1.0127006820026063;19.003873515536327;1
90;Kenya;52573967.0;1.8114775028872214;2.6219973090484117;1
91;Kiribati;117608.0;0.0;0.005101693762329093;1
92;Korea, South;51709098.0;1.525250550528766;2.097139656158767;1
93;Kosovo;1788878.0;2.30693688512032;44.51360014489529;0
94;Kuwait;4207077.0;0.5839297516759513;62.935620146719444;0
95;Kyrgyzstan;6456200.0;1.845354846652751;16.48063876583749;1
96;Laos;7169456.0;0.12059493501272947;0.1040943692241085;1
97;Latvia;1913822.0;1.7979992805190574;44.59103302187978;0
98;Lebanon;6855709.0;1.2916223877666246;54.821084150450375;0
99;Lesotho;2125267.0;2.709777840667893;3.9902751042574884;1
100;Liberia;4937374.0;4.299783809752582;0.5902125299805119;1
101;Libya;6777453.0;1.6222040288817758;21.554586951764918;1
102;Liechtenstein;38020.0;1.8877236273904996;63.95318253550763;0
103;Lithuania;2794137.0;1.5452349105719574;68.36440017078618;0
104;Luxembourg;620001.0;1.1801447094473418;93.89210662563447;2
106;Madagascar;26969306.0;1.7377308478890818;1.2002459388461832;1
107;Malawi;18628749.0;3.2352819804847672;1.4309119737455263;1
108;Malaysia;31949789.0;0.5503583214908105;11.406500994419712;1
109;Maldives;530957.0;0.28924955809095293;69.15004416553506;0
110;Mali;19658023.0;3.8505096262740657;0.565967391532709;1
111;Malta;504062.0;1.3786264633097565;45.21427919581321;0
112;Marshall Islands;58791.0;0.0;0.0646357435661921;1
113;Mauritania;4525698.0;2.407254740313273;4.154386792932272;1
114;Mauritius;1265711.0;1.6245487364620939;0.9629370369697348;1
115;Mexico;127575529.0;9.298453695484096;16.91463258600323;1
116;Micronesia;113811.0;0.0;0.006150547838082435;1
117;Moldova;2663251.0;2.311397214075608;77.6239640950102;2
118;Monaco;38967.0;1.2296408154460146;47.58385300382375;0
119;Mongolia;3225166.0;0.4491422396325814;11.01785148423368;1
120;Montenegro;622028.0;1.4999685891446757;120.27577536702528;2
121;Morocco;36471766.0;1.745840896240149;13.155625642037734;1
122;Mozambique;30366043.0;1.0853999931628346;1.7339565777470578;1
123;Namibia;2494524.0;1.3843777067093077;19.25369328978194;1
124;Nepal;28608715.0;1.102042787970307;13.31450224171201;1
125;Netherlands;17344874.0;1.5109261004253909;69.87874919125962;0
126;New Zealand;4979300.0;1.1283866101989906;0.692346313738879;1
127;Nicaragua;6545503.0;2.7129750982961993;1.2822543966445359;1
128;Niger;23310719.0;3.9458149505996394;0.2071107287595891;1
129;Nigeria;200963603.0;1.406311625470193;0.7607810455110122;1
130;North Macedonia;2083458.0;3.287516375866463;56.384481952599955;0
131;Norway;5347896.0;0.8391400478589393;16.855208104271288;1
132;Oman;4974992.0;1.0579588564060334;41.7149816522318;0
133;Pakistan;216565317.0;2.1935564580375275;3.639419787610774;1
134;Palau;18001.0;0.0;0.0;1
135;Panama;4246440.0;1.7350041835147159;81.0862039732105;2
136;Papua New Guinea;8776119.0;1.0132986811910751;0.8242595616581772;1
137;Paraguay;7044639.0;2.5352875338107426;32.87367883577853;0
138;Peru;32510462.0;9.64096307156902;52.64941482529532;0
139;Philippines;108116622.0;1.8239534111973577;8.277903836100243;1
140;Poland;37965475.0;2.443833020645255;52.39785357617678;0
141;Portugal;10286263.0;1.9783262156867853;67.53946501270676;0
142;Qatar;2832071.0;0.1937007271601804;81.22875450509538;2
143;Romania;19371648.0;2.8031024403861373;43.64104695687223;0
144;Russia;144406261.0;2.117360693561263;30.785209513872807;0
145;Rwanda;12626938.0;1.1673728718361185;1.7625096440641428;1
146;Saint Kitts and Nevis;52834.0;0.44411547002220575;2.5570655259870536;1
147;Saint Lucia;182795.0;1.4615873440583298;16.35657430454881;1
148;Saint Vincent and the Grenadines;110593.0;0.5115675345498969;11.842521678587252;1
149;Samoa;197093.0;0.0;0.012176992587255762;1
150;San Marino;33864.0;2.454868376234733;121.37373021497756;2
151;Sao Tome and Principe;215048.0;1.6329378925331473;9.995442877869127;1
152;Saudi Arabia;34268529.0;1.5334632189008892;15.40032838876743;1
153;Senegal;16296362.0;2.4791041910597578;2.2692856233802368;1
154;Serbia;6945235.0;0.9942739192602725;71.66641589521448;0
155;Seychelles;97625.0;0.4209877810863538;59.85556978233035;0
156;Sierra Leone;7813207.0;2.4446337308347528;0.6010336088625324;1
157;Singapore;5703569.0;0.05277910270905779;15.181248793518584;1
158;Slovakia;5454147.0;2.6061429253783497;52.05044895196261;0
159;Slovenia;2088385.0;1.8612647875620476;87.59112903032727;2
160;Solomon Islands;669821.0;0.0;0.02627567663599678;1
161;Somalia;15442906.0;4.304136055159451;0.7165814517034553;1
162;South Africa;58558267.0;3.0073628595851907;27.954363813396323;1
163;South Sudan;11062114.0;1.293958785886221;0.7698799705011176;1
164;Spain;47133521.0;2.6756437527798913;66.14141557555185;0
165;Sri Lanka;21803000.0;0.8873561302242875;5.282465715727193;1
166;Sudan;42813237.0;6.700069339073874;0.8050851188850775;1
168;Suriname;581363.0;2.1357169387788058;21.302697282076775;1
169;Sweden;10278887.0;1.9765823956377981;72.4233470024527;0
170;Switzerland;8575280.0;1.7780380942741696;65.44360067542983;0
171;Syria;17070132.0;6.731446900371256;1.0556391713901216;1
173;Tajikistan;9321023.0;0.7214598099834113;1.7785065008422358;1
174;Tanzania;58005461.0;4.081632653061225;0.014022817610224664;1
175;Thailand;69625581.0;0.7151460999485384;1.2698709113824127;1
176;Timor-Leste;1293120.0;0.2306606534237615;2.246272581044296;1
177;Togo;8082359.0;1.2093094842844736;1.125426376135977;1
178;Trinidad and Tobago;1394969.0;2.196891329142463;10.810562815374391;1
179;Tunisia;11694721.0;3.430652826733104;21.72902628459456;1
180;Turkey;83429607.0;1.0348053888911548;40.730698875280574;0
181;US;328329953.0;1.9678230694900307;86.75836803716778;2
182;Uganda;44269587.0;1.1766977424868408;1.0295262072356808;1
183;Ukraine;44386203.0;2.1346372838890453;36.27436886187359;0
184;United Arab Emirates;9770526.0;0.3231671437010439;44.54455164440481;0
185;United Kingdom;66836327.0;3.361915524194401;56.97640895197607;0
186;Uruguay;3461731.0;1.40350116789122;42.65475855865173;0
187;Uzbekistan;33580350.0;0.7393808637821148;3.009021645098994;1
188;Vanuatu;299882.0;17.391304347826086;0.0076696834088074645;1
189;Venezuela;28515829.0;1.030566506106227;6.543607762551809;1
190;Vietnam;96462108.0;0.8430108882340892;0.06579060038787458;1
191;West Bank and Gaza;4685306.0;1.083898870459408;46.38864569357903;0
192;Yemen;29161922.0;22.92688885721848;0.16842854184988218;1
193;Zambia;17861034.0;1.4878604556877935;4.584807352138739;1
194;Zimbabwe;14645473.0;3.664842922696788;2.3212633692336193;1
