;Country;MortalityRate;InfectionRate;PopulationDensity;Cluster
0;Afghanistan;3.9984325426801632;2.2271105932357433;54.422;0
1;Albania;1.8836383115275188;34.66533949549977;104.871;0
2;Algeria;2.910870441026613;2.940348900684258;17.348;0
3;Andorra;1.211059019410244;147.92082544785214;163.755;0
4;Angola;2.389653982495216;0.8012996201543935;23.89;0
5;Antigua and Barbuda;2.977386934673367;8.196468104824177;231.845;0
6;Argentina;2.2736936108724817;61.97587060350105;16.177;0
7;Armenia;1.867213721312911;66.79691303595192;102.931;0
8;Australia;2.866437625751942;1.5341910911743377;3.202;0
9;Austria;1.6923004514219997;55.0318020883071;106.749;0
10;Azerbaijan;1.3925906983682332;25.74692873295776;119.309;0
11;Bahamas;2.079181935709634;26.413529626225333;0.0;0
12;Bahrain;0.41465862161407363;108.87217852694795;1935.907;2
13;Bangladesh;1.5064849444527568;4.681251856184321;1265.036;2
14;Barbados;1.2967523472371865;9.054389748485303;664.463;0
15;Belarus;0.747089187210609;34.15732191076752;46.858;0
16;Belgium;3.114808855038895;75.70032326629519;375.564;0
17;Belize;2.4477553315896126;28.697505578312853;16.426;0
18;Benin;1.358135844104317;0.5552932930016742;99.11;0
19;Bhutan;0.059468184521281116;1.54253604405224;21.188;0
20;Bolivia;4.481448418483844;27.107082001010674;10.202;0
21;Bosnia and Herzegovina;4.102588222559693;47.01817450358952;68.496;0
22;Botswana;1.3436487540297404;16.198398838739195;4.044;0
23;Brazil;2.7550021817777335;63.52082801951328;25.04;0
24;Brunei;1.5307820299500832;0.6935212879878881;0.0;0
25;Bulgaria;4.018031055377739;42.06062965746676;65.18;0
26;Burkina Faso;1.4902799808181784;0.5336054145527398;70.151;0
27;Burma;2.191882253384913;2.448903072678385;0.0;0
28;Burundi;0.16279069767441862;0.2610450457075999;423.063;0
29;Cabo Verde;0.9252622047838225;38.5586686450787;135.58;0
30;Cambodia;1.0890118131181377;0.9463051742445444;90.672;0
31;Cameroon;1.712353731389912;2.226609147559897;50.885;0
32;Canada;2.5463104836367556;26.5616630841214;4.037;0
33;Central African Republic;1.2984640279789637;1.6148811246108945;7.479;0
34;Chad;4.310386183737108;0.261430416303325;11.833;0
35;Chile;2.3335019698185864;61.12840652732015;24.282;0
36;China;4.887975867169947;0.12081533073623736;147.674;0
37;Colombia;2.6399401147196713;54.77093379837358;44.223;0
38;Comoros;3.4880940179700044;3.440041086343609;437.352;0
39;Congo (Brazzaville);1.5166312942546438;1.9791082768454404;0.0;0
40;Congo (Kinshasa);2.568769362686317;0.35071437716596116;0.0;0
41;Costa Rica;1.2808112286863123;49.28094974979005;96.079;0
42;Cote d'Ivoire;0.6220319554588626;1.6622367055866039;76.399;0
43;Croatia;2.1353800455618948;63.56743356440546;73.726;0
44;Cuba;0.7289336294196245;7.481821124025057;110.408;0
45;Cyprus;0.5394281438059306;37.46068244430465;127.657;0
46;Czechia;1.723624592099643;113.39438167818761;0.0;0
47;Denmark;1.0874928811396112;37.0844083900343;136.52;0
49;Djibouti;1.153236936928592;11.088924428667248;41.285;0
50;Dominica;0.0;2.119540998217469;98.567;0
51;Dominican Republic;1.388426529018941;25.118957083076133;222.873;0
52;Ecuador;5.584515733580571;20.88422719523011;66.939;0
53;Egypt;5.672274778570333;2.3525682472488065;0.0;0
54;El Salvador;2.979153554195037;10.56167535697407;307.811;0
55;Equatorial Guinea;1.5096793673282158;6.3504530296124875;45.194;0
57;Estonia;0.9724836652639526;59.493796810304936;31.033;0
58;Eswatini;3.280071456927352;14.041578806636513;79.492;0
59;Ethiopia;1.5150086300408603;1.8449326249039213;104.957;0
60;Fiji;0.6600922538571656;1.4128804265384205;49.562;0
61;Finland;1.3731207140879254;12.23055393666263;18.136;0
62;France;2.379483729143086;64.33243558417573;122.578;0
63;Gabon;0.6289339127268074;9.352989858131675;7.859;0
64;Gambia;3.081835341436308;2.414580081918613;207.566;0
65;Georgia;1.308966583595305;70.30400028385868;65.032;0
66;Germany;2.504243097142619;32.27075838264136;237.016;0
67;Ghana;0.7348099113794929;3.0552973190945925;126.719;0
68;Greece;3.057069367002409;23.667785220501976;83.479;0
69;Grenada;0.4871259568545581;1.2830128033427974;317.132;0
70;Guatemala;3.3780893664790876;13.348039806731212;157.834;0
71;Guinea;0.6392950966202205;1.7257439094039846;51.755;0
72;Guinea-Bissau;1.6576835549167566;2.1731808297807764;66.191;0
73;Guyana;2.4090379058016325;15.118776148957236;3.952;0
74;Haiti;2.2405245383432835;1.4380703535862618;398.448;0
76;Honduras;2.630668410526826;20.757994339282885;82.805;0
77;Hungary;3.4829261828147056;54.36710001421533;108.043;0
78;Iceland;0.45462564631481805;20.436650460529783;3.404;0
79;India;1.341748999413589;13.384541528162051;450.419;0
80;Indonesia;2.8341418049574973;5.282159464260817;145.725;0
81;Iran;3.4394273319116504;25.68207718819812;0.0;0
82;Iraq;1.7392474896691223;24.340402844696012;88.125;0
83;Ireland;2.3033837284792544;42.57906832524714;69.874;0
84;Israel;0.7666569183173153;79.4230284956925;402.606;0
85;Italy;3.7106327023571177;53.29732931936455;205.859;0
86;Jamaica;1.954173434469273;10.754247311226184;266.879;0
87;Japan;1.7894475908862177;3.9393749005414653;347.778;0
88;Jordan;1.2532418040543651;48.38122743139098;109.285;0
89;Kazakhstan;1.0120242131493282;19.01871119793463;6.681;0
90;Kenya;1.8114596689506326;2.622758141876568;87.324;0
91;Kiribati;0.0;0.005101693762329093;143.701;0
92;Korea, South;1.5236398605778796;2.099483537693889;0.0;0
93;Kosovo;2.3069079145652918;44.51415915450914;168.155;0
94;Kuwait;0.5842453400197679;62.982992704911275;232.128;0
95;Kyrgyzstan;1.8439699001930052;16.49973668721539;0.0;0
96;Laos;0.11969676818725894;0.1048754605649299;0.0;0
97;Latvia;1.7982538880927634;44.59343658919168;31.212;0
98;Lebanon;1.2915745684375421;54.825372547172;594.561;0
99;Lesotho;2.7123836455755863;3.993380596414474;73.562;0
100;Liberia;4.299783809752582;0.5902125299805119;49.127;0
101;Libya;1.6211535225545548;21.570374593523557;3.623;0
102;Liechtenstein;1.887568367808529;63.958442924776435;237.013;0
103;Lithuania;1.5454087158727259;68.36597489672124;45.135;0
104;Luxembourg;1.179905538857879;93.91113885300184;231.447;0
106;Madagascar;1.7376879019851346;1.20027560219755;43.951;0
107;Malawi;3.2326600966762844;1.4325707002654875;197.519;0
108;Malaysia;0.552025228867305;11.430457334162677;96.254;0
109;Maldives;0.28916686180437945;69.16981977824946;1454.433;2
110;Mali;3.85040580257233;0.5659826524773117;15.196;0
111;Malta;1.3785599269916067;45.21646146704175;1454.038;2
112;Marshall Islands;0.0;0.0646357435661921;295.15;0
113;Mauritania;2.405949488881919;4.156640588921311;4.289;0
114;Mauritius;1.6245487364620939;0.9629370369697348;622.962;0
115;Mexico;9.296258600288573;16.92089475874327;66.444;0
116;Micronesia;0.0;0.006150547838082435;0.0;0
117;Moldova;2.3114640626760976;77.62659246161928;123.655;0
118;Monaco;1.229243045072245;47.59925064798419;19347.5;1
119;Mongolia;0.4493223950861457;11.130744898092066;1.98;0
120;Montenegro;1.4999204729387454;120.27963371423795;46.28;0
121;Morocco;1.745558591667976;13.158852795886002;80.08;0
122;Mozambique;1.0844861285777057;1.7387579935917234;37.728;0
123;Namibia;1.3860662662982668;19.311219294743207;3.078;0
124;Nepal;1.1019395795032363;13.320507404824019;204.43;0
125;Netherlands;1.5106585273745867;69.89150800403624;508.544;0
126;New Zealand;1.1282229763044171;0.6924467294599642;18.206;0
127;Nicaragua;2.7050455392872834;1.2865779757491518;51.667;0
128;Niger;3.945488059979703;0.20712788824746248;16.955;0
129;Nigeria;1.4062279265185247;0.760826327342469;209.588;0
130;North Macedonia;3.2874716006547704;56.38524990664558;0.0;0
131;Norway;0.8389287797823044;16.859452764227278;14.462;0
132;Oman;1.058137122130852;41.7516450277709;14.98;0
133;Pakistan;2.193349991462899;3.640120269119547;255.573;0
134;Palau;0.0;0.0;47.237;0
135;Panama;1.7345937194172945;81.11625267282712;55.133;0
136;Papua New Guinea;1.0132986811910751;0.8242595616581772;18.22;0
137;Paraguay;2.538239298498478;32.894730304846;17.144;0
138;Peru;9.640788548731575;52.65671709002474;25.129;0
139;Philippines;1.8242825788518848;8.281683088470892;351.873;0
140;Poland;2.4438716185725675;52.39810380352149;124.027;0
141;Portugal;1.9777228638151154;67.56056110951081;112.371;0
142;Qatar;0.193736364667738;81.23203832107316;227.322;0
143;Romania;2.8036533061526434;43.641310228226324;85.129;0
144;Russia;2.1179015679776225;30.801085556809756;0.0;0
145;Rwanda;1.1681301860952227;1.7695026300121217;494.869;0
146;Saint Kitts and Nevis;0.4366812227074236;2.600598099708521;0.0;0
147;Saint Lucia;1.4603174603174602;16.370797888344867;0.0;0
148;Saint Vincent and the Grenadines;0.5114894266737919;11.844330111309034;0.0;0
149;Samoa;0.0;0.012176992587255762;69.413;0
150;San Marino;2.454868376234733;121.37373021497756;556.667;0
151;Sao Tome and Principe;1.6324822101297614;9.99823295264313;212.841;0
152;Saudi Arabia;1.533395355674637;15.404054839937833;15.322;0
153;Senegal;2.4791042678113815;2.2700281203866237;82.328;0
154;Serbia;0.9942921271294026;71.66799971491245;80.291;0
155;Seychelles;0.4209877810863538;59.85556978233035;208.354;0
156;Sierra Leone;2.445461317441737;0.6013535799064328;104.7;0
157;Singapore;0.052778493168245594;15.18142412233463;7915.731;3
158;Slovakia;2.6061643799426752;52.05072397205282;0.0;0
159;Slovenia;1.8612706145779123;87.59342745710202;102.619;0
160;Solomon Islands;0.0;0.02627567663599678;21.841;0
161;Somalia;4.303436062848418;0.7166980100766008;23.5;0
162;South Africa;3.0073070695792903;27.980833175954473;46.754;0
163;South Sudan;1.293958785886221;0.7698799705011176;0.0;0
164;Spain;2.674488676505739;66.17140909120708;93.105;0
165;Sri Lanka;0.890541091552656;5.286749529881209;341.955;0
166;Sudan;6.698320344110472;0.8052953342444067;23.258;0
168;Suriname;2.1369451928816896;21.322650392267825;3.612;0
169;Sweden;1.9763835961168887;72.43161638025596;24.718;0
170;Switzerland;1.7779512872386563;65.44679590637274;214.243;0
171;Syria;6.731585518102372;1.0557914842134788;0.0;0
173;Tajikistan;0.7214598099834113;1.7785065008422358;64.281;0
174;Tanzania;4.081632653061225;0.014022817610224664;64.699;0
175;Thailand;0.7171964140179299;1.277655406566733;135.132;0
176;Timor-Leste;0.23029594747877496;2.2498298688443454;87.176;0
177;Togo;1.209003780884551;1.1257109465194506;143.366;0
178;Trinidad and Tobago;2.195903451745733;10.828484360584357;266.886;0
179;Tunisia;3.424648667224515;21.79683465727827;74.228;0
180;Turkey;1.0347529145245704;40.737050337537845;104.914;0
181;US;1.9677809491544636;86.76545663806677;0.0;0
182;Uganda;1.181924792582282;1.030515599795408;213.759;0
183;Ukraine;2.1346981655724626;36.276606043549165;77.39;0
184;United Arab Emirates;0.32314381794799885;44.560436152567426;112.442;0
185;United Kingdom;3.35948704535302;57.01924344226756;272.898;0
186;Uruguay;1.40442935411683;42.675932936441335;19.751;0
187;Uzbekistan;0.7393148527701061;3.010498699388184;76.134;0
188;Vanuatu;17.391304347826086;0.0076696834088074645;22.662;0
189;Venezuela;1.030629121338195;6.5476335967648005;0.0;0
190;Vietnam;0.8404143149537927;0.06685734050099755;308.127;0
191;West Bank and Gaza;1.08393167103794;46.39314913476302;778.202;0
192;Yemen;22.927991205032676;0.16843540010840163;0.0;0
193;Zambia;1.4930902983864973;4.5938717769643125;22.995;0
194;Zimbabwe;3.6521413592505607;2.3345712357668473;42.729;0
